0,66634651098,3,0,1253,81634651098
2,66634780987,3,0,1253,81634651098
3,66634798305,3,0,1253,81634651098
1,66634798305,0,0,1254,0
0,66634873445,4,0,1254,83634873445
2,66634975121,4,0,1254,83634873445
3,66634987970,4,0,1254,83634873445
1,66634987970,0,0,1252,0
0,66645160875,2,0,1252,79645160875
2,66645196071,2,0,1252,79645160875
3,66645202495,2,0,1252,79645160875
1,66645202495,0,0,1251,0
0,66645949702,1,0,1251,77645949702
2,66646008361,1,0,1251,77645949702
3,66646030707,1,0,1251,77645949702
1,66646030707,0,0,578,0
0,67610112550,4,1,1254,84610112550
3,67610533500,0,0,0,0
1,67610533500,4,1,1254,84610112550
0,68610880705,3,1,1253,83610880705
3,68611487410,4,1,1254,84610112550
1,68611487410,0,0,1195,0
3,68614963389,0,0,886,0
1,68614963389,3,1,1253,83610880705
0,69611611154,2,1,1252,82611611154
3,69612457523,3,1,1253,83610880705
1,69612457523,2,1,1252,82611611154
0,70610321489,1,1,1251,81610321489
3,70610803892,2,1,1252,82611611154
1,70610803892,1,1,1251,81610321489
2,72046046069,1,1,1251,81610321489
3,72046057801,1,1,1251,81610321489
1,72046057801,0,0,578,0
3,72099329031,0,0,1050,0
1,72099329031,2,1,1252,82611611154
2,73237646630,2,1,1252,82611611154
3,73237665345,2,1,1252,82611611154
1,73237665345,3,1,1253,83610880705
2,73672644952,3,1,1253,83610880705
3,73672668695,3,1,1253,83610880705
1,73672668695,4,1,1254,84610112550
2,74770742997,4,1,1254,84610112550
3,74770754170,4,1,1254,84610112550
1,74770754170,0,0,887,0
0,81610183780,1,2,1251,92610183780
3,81610619255,0,0,0,0
1,81610619255,1,2,1251,92610183780
0,82612157802,2,2,1252,95612157802
2,83003104452,1,2,1251,92610183780
3,83003111435,1,2,1251,92610183780
1,83003111435,2,2,1252,95612157802
0,83613598583,3,2,1253,98613598583
0,84611447466,4,2,1254,101611447466
2,85081729310,2,2,1252,95612157802
3,85081756964,2,2,1252,95612157802
1,85081756964,3,2,1253,98613598583
2,86482827075,3,2,1253,98613598583
3,86482838528,3,2,1253,98613598583
1,86482838528,4,2,1254,101611447466
2,88576162270,4,2,1254,101611447466
3,88576170370,4,2,1254,101611447466
1,88576170370,0,0,887,0
0,92610220371,1,3,1251,103610220371
3,92610772327,0,0,0,0
1,92610772327,1,3,1251,103610220371
2,94014006127,1,3,1251,103610220371
3,94014031546,1,3,1251,103610220371
1,94014031546,0,0,1142,0
0,95609910036,2,3,1252,108609910036
3,95610007801,0,0,0,0
1,95610007801,2,3,1252,108609910036
2,97728692998,2,3,1252,108609910036
3,97728723165,2,3,1252,108609910036
1,97728723165,0,0,5,0
0,98609910875,3,3,1253,113609910875
3,98610025400,0,0,0,0
1,98610025400,3,3,1253,113609910875
2,99980481824,3,3,1253,113609910875
3,99980513388,3,3,1253,113609910875
1,99980513388,0,0,5,0
0,101610104170,4,3,1254,118610104170
3,101610596628,0,0,1263,0
1,101610596628,4,3,1254,118610104170
0,103609945233,1,4,1251,114609945233
3,103610373725,4,3,1254,118610104170
1,103610373725,1,4,1251,114609945233
2,105003870372,1,4,1251,114609945233
3,105003883221,1,4,1251,114609945233
1,105003883221,4,3,1254,118610104170
2,105137933224,4,3,1254,118610104170
3,105137946073,4,3,1254,118610104170
1,105137946073,0,0,5,0
0,108609858920,2,4,1252,121609858920
3,108609928193,0,0,0,0
1,108609928193,2,4,1252,121609858920
2,110678816181,2,4,1252,121609858920
3,110678855567,2,4,1252,121609858920
1,110678855567,0,0,5,0
0,113609917019,3,4,1253,128609917019
3,113610026796,0,0,0,0
1,113610026796,3,4,1253,128609917019
0,114609991321,1,5,1251,125609991321
3,114610585735,3,4,1253,128609917019
1,114610585735,1,5,1251,125609991321
2,116007092719,1,5,1251,125609991321
3,116007153054,1,5,1251,125609991321
1,116007153054,3,4,1253,128609917019
2,116419241044,3,4,1253,128609917019
3,116419250541,3,4,1253,128609917019
1,116419250541,0,0,1147,0
0,118610154450,4,4,1254,135610154450
3,118610679310,0,0,0,0
1,118610679310,4,4,1254,135610154450
2,120726488807,4,4,1254,135610154450
3,120726497466,4,4,1254,135610154450
1,120726497466,0,0,1041,0
0,121609984897,2,5,1252,134609984897
3,121610220093,0,0,0,0
1,121610220093,2,5,1252,134609984897
2,123735261435,2,5,1252,134609984897
3,123735269256,2,5,1252,134609984897
1,123735269256,0,0,606,0
0,128610042159,3,5,1253,143610042159
3,128610659757,0,0,0,0
1,128610659757,3,5,1253,143610042159
2,129997528193,3,5,1253,143610042159
3,129997536294,3,5,1253,143610042159
1,129997536294,0,0,5,0
0,135609917019,4,5,1254,152609917019
3,135609970651,0,0,0,0
1,135609970651,4,5,1254,152609917019
2,137746149981,4,5,1254,152609917019
3,137746158640,4,5,1254,152609917019
1,137746158640,0,0,5,0
